1000165507
1000254554
1000359400
1000413717
1000670387
1000734804
1001136960
1001141885
1001614071
1001698581
1002487190
1002571404
1002737912
1002861732
1002906354
1003145737
1003596053
1003716184
1003739007
1003763994
1004118244
1004487370
1004524612
1005086587
1005186323
1005281677
1005343850
1005406777
1005526034
1005660941
1005718487
1006242777
1006674450
1007008812
1007042370
1007343817
1007404805
1007954504
1007974370
1008311377
1008395107
1008642800
1008725970
1009157944
1009214503
1009245464
1009392250
1009849144
1009902493
1009964930
1010438965
1010469593
1010658754
1010956892
1010957953
1011161464
1011257815
1011335097
1011632867
1011677807
1012099773
1012148524
1012552247
1012745944
1013017307
1013271163
1013276420
1013956695
1014268115
1014613914
1014615827
1014683665
1014730831
1015118883
1015129834
1015436632
1015713681
1016482274
1017841692
1018152450
1018356553
1018543913
1018844622
1018846592
1021119690
1022209595
1022366242
1022551802
1023200864
1023421214
1023592702
1024286942
1024431497
1024548130
1025026937
1025101602
1025384251
1025487805
1025498924
1025516351
1025577915
1025731981
1025882825
1025883887
1025883922
1025884674
1025887503
1025916084
1025916607
1026394563
1026423493
1026591477
1026715670
1027548357
1027604571
1027620085
1028029140
1028158797
1028336535
1028772830
1028933080
1029047127
1029134983
1029136280
1029408441
1029412293
1029415694
1029501185
1029920191
1030478487
1031507151
1031581762
1031750584
1031755060
1031844571
1031905412
1031932061
103213
1032137024
1032521077
1032573842
1032697364
1032769130
1033436027
1034085964
1034622140
1034750535
1034760447
1034813961
1034893523
1034994104
1035318380
1035547072
103558
1035674473
1035925952
1035927842
1035933495
1035938497
1035967280
1036049374
1036051453
1036057181
1036080032
1036093745
1036114962
1036194103
1036242880
1036284377
1036326782
1036461505
1036595361
1036609852
1036638225
1036663592
1036705190
1036730030
1036748110
1036788487
1037078152
1037104852
1037137197
1037150421
1037208970
1037243231
1037355004
1037587954
103778
1037803001
1038034073
1038503042
1038710421
1038819400
1038991752
1039096957
1039384612
1039835325
1039994441
1040371515
1040398253
1040431504
1040482460
1041379882
1041457940
1041479664
1041845592
1042011453
1042156901
1042505250
1042665665
1042921152
1043021472
1043023081
1043243491
1043269321
1043283603
1043369075
1043529483
1043594462
1043602881
1043629437
1043848755
1043925793
1044050113
1044069100
1044129475
1044172950
1044218122
1044233724
1044259985
1044404054
1044469694
1044527073
1044714481
1044827037
1044846035
1044865565
1044881282
1044894422
1044951871
1045244251
1045245642
1045329835
1045513830
1045811443
1045817852
1045846697
1045870913
1045928154
1045948742
1045979364
1046037394
1046216214
1046222077
1046250093
1046297250
1046374185
1046709302
1046716137
1046729140
1046952730
1047070924
1047226900
1047227947
1047282160
1047313874
1047803463
1048013470
1048037115
1048083181
1048427471
1048504162
1048666551
1048697137
1048888613
1048922132
1049049042
104908
1049198655
1049239013
1049243691
1049475402
1049574122
1049621015
1049751121
1049917212
1050160013
1050555433
105061
1050746712
1050896727
1051117683
1051159620
1051364075
1051398370
1051483374
1051499675
1051539774
1051588014
1051677165
1051686003
1051701334
1051797591
1051811933
1051851541
1051920685
1051959520
1052029170
1052081015
1052241065
1052391777
1052447690
1052482991
1052591427
1052767975
1052937860
1052941091
1053142830
1053333811
1053554132
1053926410
1053932695
1053953693
1054007001
1054059731
1054078060
1054124623
1054131404
1054160731
1054177971
1054487280
1054530911
1054635892
1054703623
1054868475
1055071394
1055184702
1055366017
1055382591
1055448402
1055481867
1055527042
1055679184
1055787107
1055831822
1055981301
1056191120
1056356224
1056385521
1056435982
1056534590
1056703945
1057016887
1057168113
1057304141
1057349933
1057473534
1057581555
1057634475
1057716071
1057732751
1057734167
1058244580
1058314671
1058457495
1058496352
1058509887
1058676987
1058682523
1058823913
1059126245
1059232211
1059271500
1059296405
1059304214
1059361000
1059394084
1059583314
1059809230
1059868604
1059895533
1059970711
1060071682
1060124170
1060226965
1060287390
1060374840
1060715437
1060882720
1061203374
1061257660
1061267707
1061313483
1061381040
1061686834
1061977575
1062043230
1062056942
1062139132
1062158912
1062239573
1062481775
1062498737
1062590957
1062686852
1062707420
1062762264
1062805323
1063087383
1063100377
1063112127
1063224707
1063262107
1063386922
1063498243
1063661070
1063672982
1063686367
1063718220
1063778434
1063815940
1063839442
1063890337
1063917374
1063931121
1064013177
1064078740
1064112513
1064145433
1064315925
1064519661
1064578982
1064583770
1064678515
1064746194
1064760220
1064800013
1064975884
1065225312
1065311084
1065363263
1065377912
1065618283
1066002880
1066135975
1066317210
1066409397
1066628160
1066730691
1067002731
1067062774
1067103453
1067210492
1067299541
1067392622
1067658750
1067728435
1067794642
1067835912
1068127884
1068235035
1068362945
1068394640
1068402691
1068445347
1068469892
1068497133
1068734171
1068843354
1068926114
1068998677
1069489784
1069746463
1069759087
1069966283
1070575483
1070586402
1070639357
1070689171
1070747867
1070759161
1070897890
1070932837
1071043291
1071113390
1071639157
1071753791
1071784560
1071980343
1072216887
1072504735
1072724331
1072728117
1072944705
1072972955
1073014273
1073035741
1073038855
1073093075
1073689997
1073743425
1073832785
1073862912
1073887995
1073893094
1073914225
1074172484
1074235097
1074305942
1074410122
1074509880
1074566174
1074884281
1074913964
1074970615
1074974723
1074991233
1075300974
1075328415
1075540493
1075622053
1075659164
1075775144
1075885111
1076186033
1076460107
1077256691
1077398035
1077520040
1077529405
1077538620
1077650253
1077699993
1077895995
1078007814
1078238261
1078575052
1078577997
1078638923
1078668987
1078704163
1078714917
1078722245
1078776745
1078878665
1078954420
1079310482
1079329753
1079335431
1079419994
1079590122
1079622033
1079658911
1079738843
1080117857
1080230567
1080325345
1080410951
1080529474
1080542304
1080560405
1080611201
1080793427
1080807495
1080896150
1081223537
1081284057
1081297435
1081490612
1081768361
1081900791
1081924067
1082275041
1082325503
1082337535
1082347151
1082396031
1082471610
1082490144
1082493540
1082519090
1082560293
1082786914
1083127747
1083300925
1083378163
1083431553
1083582491
1083735900
1083917583
1083962244
1084411652
1084439942
1084578444
1084691302
1084992113
1085069695
1085080197
1085262622
1085350664
1085359724
1085395264
1085556535
1085582040
1085662192
1085713580
1085732907
1085855245
1086255544
1086461142
1086606257
1086657135
1086922483
1087100061
1087141011
1087304884
1087475905
1087482387
1087490225
1087499432
1087517167
1087534620
1087538750
1087555947
1087593707
1087770692
1087834353
1087877897
1087902463
1087980537
1088118297
1088340191
1088406095
1088488427
1088668610
1088760474
1088785600
1088885197
1089158013
1089380070
1089460824
1091720842
1091755897
1091867115
1091872600
1092074573
1092116925
1092350765
1092465831
1092472270
1092546210
1092552415
1092587927
1092775075
1092836785
1092837503
1093005623
1093075884
1093080884
1093152505
1093170707
1093345840
1093387087
1093435715
1093494484
1093505012
1093516292
1093524897
1093554954
1093604373
1093654437
1093772521
1093782857
1093817060
1093838930
1093861551
1093910102
1094073742
1094145054
1094212551
1094337223
1094434152
1094551220
1094627834
1094779823
1094954164
1095378001
1095552400
1095698613
1095806350
1095840202
1095876111
1096184000
1096191973
1096560685
1096709042
1096748283
1096864314
1096958865
1097172733
1097300737
1097323761
1097378911
1097723523
1097744381
1098056432
1098091882
1098165137
1098190432
1098494884
1098512671
1098624423
1098666960
1098670865
1098892762
1098978745
1099025285
1099073842
1099147400
1099369671
1099418753
1099685473
1099856960
1099895974
1100026292
1100204654
1100405933
1100483814
1100530985
1100764700
1100780755
1100820035
1100856704
1100882093
1100993473
1101305761
1101453124
1101703051
1101813431
11022
1102261200
1102308693
1102512007
1102513860
1102866265
1102957303
1103019963
1103086855
1103309065
1104019163
1104150515
1104503584
1104782321
1104822752
1104848815
1105150594
1105157943
1105171740
1105242262
1105833613
1106083381
1106408171
1106591720
1106602223
1107056881
1107058471
1107357381
1107470911
11075
1107516514
1107719471
1108036050
1108059995
1108086247
1108112144
1108476592
1108520847
1108723561
1108779151
1109041240
1109207064
1109235564
1109934435
1109992990
1110001165
1110277741
1110338377
1110445083
1112095981
1112096430
1112247632
1112492684
1112976617
1112989821
1113151622
1113733040
1113760124
1113770585
1113779153
1114097660
1114135640
1114231693
1114396772
1114428482
1114880737
1114965304
1115027161
1115564995
1115917844
1116457591
1116799383
1116996392
1117225405
1117399842
1117499467
1117764894
1117772565
1118599463
1118712255
1118753833
1118869447
1119152614
1119354310
1119722212
1120657613
1130005241
1130082021
1130097680
1130430092
1130611723
1130708470
1130720913
1130750003
1130802753
1131093907
1131210685
1131217785
1131251137
1131261427
1132202020
1132215487
1132394922
1132632855
1132903363
1132917235
1132930452
1133111453
1133162415
1133244553
1133349553
1133460947
1133549870
1133802607
1133834570
1133915522
1134261597
1134279457
1134362392
1134376787
1134379307
1134437870
1134486262
1134529295
1134667715
1134790123
1134876450
1135001271
1135018747
1135032892
1135085724
1135508254
1135523552
1135566335
1135654334
1135822512
1135884277
1136017803
1136109967
1136279415
1136834680
1136876147
1136888747
1137033715
1138175162
1138726210
1138930901
1139469072
1139994332
1140013363
1140175340
1140223225
1140601550
1140636943
1140813090
1141015254
1141105782
1141112400
1141466074
1141621947
1141813324
1142185330
1142286582
1142341181
1142361961
1142380253
1142524527
1142537255
1142668521
1142717303
1142874962
1142911224
1142978065
1143073303
1143534017
1143534044
1143998035
1144045953
1144070322
1144235797
1144434464
1144469962
1144617800
1144646181
1144981462
1145119727
1145603910
1145635324
1145662840
1145679175
1145743641
1146021490
1146086992
1146420083
1146583824
1146710392
1146924972
1147012071
1147043427
1147122732
1147261382
1147278087
1147593983
1148035795
1148062323
1148343552
1148393924
1148469052
1148556531
1148642194
1148648970
1148761030
1149216974
1149220450
1149318801
1149538720
1149733490
1149763302
1149774940
1149782495
1149862242
1150121454
1150505207
1150523892
1150552564
1150701071
1151234515
1151280692
1151336565
1151397694
1151634614
1151750924
1151777393
1151787774
1151840394
1151862821
1151894767
1151896724
1152025762
1152254174
1152358242
1152397851
1152416703
1152440821
1152531173
1152571540
1152701125
1153778017
1153926917
1154079291
1154283884
1154325967
1154433303
1154485262
1154689743
1154735153
1154792977
1154882944
1155190251
1155244082
1155331557